NbrObjets NbrRessource
400 10
les valeurs des objets 
65
101
72
65
80
86
81
45
66
60
92
89
76
70
72
55
49
69
62
68
56
99
100
104
82
92
101
60
94
96
58
103
65
39
102
57
66
98
52
59
60
61
49
69
57
55
58
77
56
97
82
93
112
52
46
74
67
65
86
88
114
45
69
38
80
70
86
89
62
87
72
87
89
71
52
56
63
49
88
97
88
55
104
101
80
76
53
100
66
61
69
80
66
34
102
49
65
55
63
97
75
59
50
60
88
100
84
98
77
49
94
51
55
88
92
68
52
54
94
60
94
96
52
75
65
51
67
60
74
74
87
65
97
92
77
84
77
108
59
42
65
72
83
47
54
62
56
60
41
99
48
90
78
64
57
85
53
78
72
43
74
61
77
71
76
67
98
82
86
51
92
98
105
93
87
56
75
71
55
58
47
74
50
67
73
97
91
58
114
82
50
105
65
59
92
104
73
65
84
77
78
96
99
46
69
80
45
105
66
84
78
110
86
92
75
65
96
93
75
85
93
87
103
62
65
109
41
64
96
63
54
77
90
84
76
47
99
73
79
67
67
93
70
82
109
92
82
72
89
67
56
55
73
67
73
54
87
76
86
60
88
85
53
87
88
74
96
65
101
92
83
89
65
51
68
98
61
51
71
64
65
57
73
49
79
76
98
85
94
75
67
91
71
55
73
60
102
56
93
95
77
78
55
108
91
63
63
87
56
84
70
72
75
73
71
73
67
93
77
78
88
87
47
63
79
77
73
82
80
52
79
96
85
53
58
80
81
51
87
85
90
65
103
55
67
71
70
93
80
71
69
41
71
81
72
85
80
95
61
73
60
106
85
59
100
61
88
59
71
47
49
69
90
65
75
62
90
69
88
86
100
84
91
67
53
71
99
71
93
60
46
77
50
63
77
96
81
94
85
66
les quatités des resources consommées pour chaque objet (ligne) 
53 94 32 11 21 7 39 89 25 88
14 70 90 91 79 76 48 55 99 87
20 19 95 98 7 51 67 29 7 69
19 64 87 63 64 42 78 45 61 66
92 82 53 61 32 14 88 14 50 33
90 75 14 15 22 1 87 23 95 82
60 51 26 5 17 12 6 76 54 27
5 26 13 45 46 20 53 41 93 19
60 74 12 49 49 20 78 57 39 71
21 23 2 35 28 96 76 8 74 78
93 71 88 2 77 55 68 69 55 89
41 91 52 92 67 63 85 98 97 87
71 6 90 43 11 92 57 64 85 45
27 80 41 60 47 43 23 89 69 16
67 81 11 83 35 30 14 23 75 81
68 99 83 12 34 44 75 13 90 5
99 65 71 51 7 16 43 75 8 18
28 38 9 33 28 57 27 51 62 70
81 13 41 77 36 9 78 14 57 26
59 82 45 12 83 23 97 80 1 73
59 72 45 3 2 17 19 85 40 42
40 83 59 11 30 79 34 96 94 61
88 78 27 87 16 73 5 54 82 70
54 53 69 32 34 8 62 94 72 85
22 42 61 53 73 92 18 46 4 79
75 83 67 75 14 2 46 80 86 60
54 30 6 41 97 46 27 35 99 89
91 57 84 27 62 99 13 36 36 66
87 78 86 65 58 93 60 49 91 99
53 88 32 47 33 94 71 20 68 79
77 92 10 90 87 40 46 68 50 24
47 42 28 55 33 87 33 75 51 97
54 4 96 94 15 66 18 64 16 97
11 2 93 56 68 7 21 3 24 50
51 41 89 20 78 62 84 87 93 29
78 39 6 94 92 25 79 51 85 9
21 32 26 61 77 20 26 54 48 74
40 53 56 6 94 88 56 80 28 4
32 23 55 50 74 15 96 23 72 65
47 21 58 94 18 85 65 62 39 81
31 98 53 38 87 30 91 94 6 80
23 1 4 6 27 46 12 58 25 2
35 6 36 47 1 71 71 16 66 64
27 91 56 97 36 27 66 32 78 60
46 97 58 90 12 58 19 50 81 56
48 64 47 3 40 29 21 24 89 14
6 73 12 49 30 10 84 92 93 24
9 59 38 89 10 59 13 96 17 83
24 44 92 50 34 87 37 12 54 70
11 91 84 79 63 29 9 65 88 63
25 55 88 64 50 19 61 12 93 96
46 50 68 57 79 76 97 55 81 70
96 49 46 6 31 96 84 87 51 94
45 19 37 62 69 37 19 50 42 77
58 46 35 12 6 49 32 68 34 82
72 58 39 18 45 88 65 28 6 46
49 5 49 20 18 8 60 37 31 28
81 91 1 71 20 90 35 55 82 61
37 47 78 23 51 91 30 85 15 71
1 96 30 62 86 32 25 8 97 51
96 77 48 17 74 68 74 92 51 63
35 68 3 42 94 56 68 7 46 13
12 90 5 41 57 5 3 31 75 63
56 50 2 75 34 18 62 11 23 21
5 61 61 60 44 38 68 39 91 6
91 66 58 13 33 11 70 89 21 88
71 13 52 40 20 23 51 45 35 90
5 86 43 80 97 60 65 62 36 72
88 59 36 18 22 84 51 41 33 99
71 90 49 8 5 19 46 88 47 70
8 61 71 70 53 14 10 24 58 52
14 24 93 5 2 2 67 94 94 58
85 15 53 31 89 56 47 17 48 26
12 51 74 46 51 31 37 31 9 42
11 77 25 15 99 17 45 21 52 76
23 75 57 17 23 24 54 77 42 5
26 12 42 31 56 50 36 57 63 49
19 5 76 6 75 57 31 72 27 73
92 29 98 89 34 9 13 77 32 99
76 51 14 72 68 60 94 84 95 14
80 57 52 41 17 49 97 47 70 77
15 20 14 32 67 16 28 44 86 18
56 29 25 92 4 88 70 77 43 78
23 49 42 37 93 92 64 79 84 30
15 36 94 59 36 92 79 57 51 27
37 1 24 16 24 46 9 76 92 34
18 97 64 90 31 23 36 79 7 33
71 14 89 98 44 53 77 98 86 27
69 12 41 14 77 68 19 71 9 37
31 18 97 94 46 62 56 21 72 20
24 30 10 27 26 2 56 98 94 48
47 28 53 49 17 46 68 61 36 25
20 83 71 2 50 7 15 42 65 55
49 87 12 4 50 42 18 16 10 43
74 71 69 42 96 46 10 53 11 84
48 10 26 56 25 52 49 83 52 83
96 78 65 37 13 96 26 44 20 15
17 10 1 32 8 11 69 32 12 44
53 39 2 77 94 18 65 67 26 90
71 74 90 76 59 33 14 28 67 64
16 93 17 55 92 44 38 15 20 71
31 26 26 36 35 2 9 78 53 88
96 38 26 41 32 51 37 19 84 76
72 24 9 61 39 25 22 29 12 71
13 43 65 50 24 97 13 20 89 11
73 97 79 30 52 13 87 77 2 87
30 54 3 27 74 63 83 57 25 77
47 25 82 76 81 27 40 6 64 87
79 51 12 81 10 73 9 41 35 70
31 14 11 48 96 23 50 36 32 86
3 50 54 47 75 32 60 38 95 23
39 75 51 16 92 53 11 48 84 43
85 94 69 65 33 31 17 56 29 55
63 49 62 28 63 97 77 81 96 74
36 74 36 97 81 30 96 25 84 3
2 64 59 77 10 99 30 21 40 93
35 12 3 54 65 90 14 71 3 46
45 58 94 30 36 49 87 59 4 71
90 48 97 68 85 87 78 51 75 34
96 40 25 94 27 64 7 12 13 99
74 19 1 83 80 63 80 34 80 89
32 21 55 57 96 6 26 93 52 70
98 62 55 5 41 23 23 53 92 58
63 73 78 67 2 8 15 70 42 54
28 8 4 40 70 68 1 86 20 47
81 21 39 29 75 23 58 12 27 97
29 58 81 78 29 4 18 79 81 29
42 34 47 2 2 53 55 53 7 39
7 92 58 29 73 33 91 13 31 27
18 79 46 58 91 39 97 68 40 66
42 78 6 81 73 21 6 56 74 91
73 52 88 21 1 30 85 87 68 97
82 16 68 56 43 61 16 55 38 98
77 50 79 24 91 59 70 8 74 52
46 6 94 69 71 38 67 82 53 97
31 95 89 14 18 77 44 41 20 53
83 74 39 41 77 39 27 17 61 24
15 69 62 62 74 90 78 88 55 46
47 20 84 34 78 41 92 63 34 33
73 23 21 31 30 60 29 56 36 37
71 81 20 51 56 4 54 62 31 97
91 27 19 57 44 60 85 25 98 89
98 96 40 42 43 60 18 59 99 10
39 49 3 14 27 85 89 10 71 3
46 31 93 13 73 17 68 70 12 39
45 82 24 12 15 60 93 44 71 98
37 87 69 54 30 34 1 35 88 19
81 50 10 48 31 87 2 91 29 98
22 5 20 89 16 71 29 16 28 31
28 94 6 43 19 86 35 70 76 50
21 2 73 3 66 29 6 43 80 69
20 66 65 35 40 19 29 7 73 90
62 23 15 43 88 69 15 56 58 23
23 83 19 16 14 6 99 10 84 50
9 74 40 77 84 46 17 41 70 77
28 40 51 87 23 41 37 28 25 11
53 44 82 17 25 5 24 7 63 7
12 14 41 3 11 84 69 40 17 53
14 56 78 65 27 82 59 73 57 25
13 21 96 95 68 22 12 18 63 14
83 29 38 46 20 30 52 59 85 94
63 30 26 38 59 78 41 48 90 49
73 1 20 7 16 17 47 28 99 89
12 72 50 28 80 62 29 21 98 40
69 57 66 69 30 63 33 76 16 24
65 56 37 27 14 15 36 12 58 95
87 19 53 88 32 98 79 19 70 51
28 31 62 40 46 86 84 94 23 74
58 8 94 91 53 49 15 84 86 82
16 70 48 17 42 31 35 97 97 54
85 28 6 64 73 68 49 28 63 72
35 60 45 93 41 45 31 5 85 64
78 15 92 91 30 45 53 60 25 77
55 23 67 85 89 75 46 36 59 19
37 35 88 71 48 90 89 67 92 68
88 49 90 71 82 39 5 75 3 48
36 5 23 27 55 56 55 58 50 6
1 78 58 4 58 96 62 71 57 84
17 34 18 94 19 93 7 31 83 17
34 98 83 48 21 36 34 13 34 19
11 48 12 14 78 81 8 13 32 90
5 88 89 10 60 37 62 52 19 22
71 45 59 20 10 76 27 38 45 50
82 23 69 83 6 15 26 23 71 85
16 94 94 59 11 75 96 50 82 99
49 77 67 54 58 71 32 86 94 45
92 7 66 41 77 32 48 27 95 51
32 30 65 26 51 65 51 41 95 68
70 74 91 17 51 56 54 91 84 90
47 2 88 93 70 97 64 3 55 4
72 45 38 89 33 20 66 35 53 50
79 36 91 49 61 81 91 72 5 66
38 82 64 38 58 95 54 76 92 13
10 2 47 79 62 23 34 25 50 38
47 22 52 2 21 37 83 11 83 98
87 8 55 26 95 62 71 81 77 57
70 27 90 3 82 19 68 39 79 17
93 35 42 85 57 74 17 92 82 30
15 15 40 24 37 28 72 54 68 60
59 52 26 11 19 55 65 42 44 20
39 14 20 83 11 6 96 64 84 75
59 13 76 62 58 82 41 67 26 49
7 75 89 59 46 56 62 28 40 85
36 76 26 4 53 17 66 57 4 76
2 93 14 35 56 96 82 2 77 93
51 8 45 93 51 59 41 3 57 36
67 76 1 37 55 29 24 1 68 45
94 74 96 46 12 99 66 45 39 8
8 25 19 59 59 66 8 17 2 20
29 26 37 35 20 41 53 77 77 26
39 14 70 97 6 48 41 37 12 97
70 69 75 18 96 70 58 93 51 44
19 46 71 9 77 80 25 91 62 31
23 86 6 88 62 61 59 76 64 8
63 56 68 59 2 45 83 19 84 74
47 94 24 26 96 70 61 12 20 36
98 46 89 13 8 9 97 34 75 79
39 83 16 40 18 78 80 9 43 46
82 39 11 65 36 64 89 15 52 87
28 57 23 70 88 38 75 22 50 99
62 56 41 11 56 52 82 32 12 92
2 63 50 3 43 72 33 45 60 28
95 55 58 18 48 90 42 34 22 96
22 77 55 24 26 9 37 33 20 75
40 56 59 21 86 94 3 88 6 39
64 60 86 52 39 5 92 89 78 71
4 42 72 48 19 47 25 8 27 8
45 16 2 59 28 5 48 31 34 90
88 14 94 38 73 69 32 41 30 97
47 53 17 48 38 76 55 63 97 12
42 15 71 50 79 77 87 42 47 37
45 54 58 53 81 74 55 75 86 77
65 68 49 42 79 66 72 75 70 93
62 71 80 66 23 90 55 53 88 50
45 9 63 90 84 94 81 9 22 26
18 50 3 2 38 98 22 70 71 67
98 91 86 73 15 52 65 21 33 89
23 23 41 78 89 81 77 94 62 71
13 54 31 64 22 52 57 32 18 79
37 10 72 4 12 79 30 43 2 92
43 27 79 60 59 9 40 92 77 6
77 78 33 43 51 30 13 64 2 71
47 86 31 7 86 69 98 65 19 69
53 11 4 84 61 93 48 91 25 2
98 33 93 71 69 29 99 31 38 91
48 80 92 30 53 23 70 94 13 86
50 25 22 39 66 69 20 16 10 47
77 88 98 13 15 1 70 65 88 32
64 63 23 91 32 41 25 22 31 89
30 83 68 49 30 62 30 12 22 82
54 4 5 31 40 8 70 25 47 98
14 60 58 16 74 38 78 90 88 16
93 58 16 44 65 70 8 35 77 11
23 9 20 86 1 1 18 51 6 42
93 69 8 91 14 87 92 33 32 94
50 10 47 16 95 42 99 17 13 21
60 38 49 96 87 37 77 73 37 11
8 64 46 36 74 57 20 42 44 79
96 59 11 40 84 6 75 52 89 30
67 10 70 42 18 99 55 55 58 57
87 3 83 70 59 68 43 96 70 77
99 41 90 86 48 53 72 97 85 21
43 96 36 66 33 39 20 87 88 21
80 71 9 56 15 47 8 10 92 60
21 11 29 52 32 52 3 83 60 72
55 59 87 35 92 36 4 77 83 88
97 60 19 78 92 39 26 90 76 29
56 76 26 38 80 8 68 84 5 60
86 16 49 69 79 54 72 6 16 77
93 14 68 33 54 59 64 58 70 96
82 3 12 10 55 55 95 9 98 83
66 74 4 29 24 59 71 18 70 14
57 82 12 69 48 54 9 21 47 89
21 34 47 57 70 98 18 10 7 78
27 47 93 30 26 36 5 86 53 27
86 45 29 97 85 7 42 99 77 37
32 54 70 81 66 89 73 1 60 7
43 56 65 75 19 28 73 16 60 37
69 47 3 29 72 13 11 67 7 2
49 16 40 60 44 70 16 14 52 66
69 3 72 32 10 88 15 27 61 77
24 85 23 79 37 17 60 90 92 1
64 7 50 36 58 83 3 99 46 84
24 77 99 56 40 3 22 53 80 40
10 91 55 37 65 33 99 53 62 74
53 38 66 82 74 30 31 24 61 31
81 61 45 79 80 76 57 68 39 20
63 97 58 80 22 19 69 1 92 23
79 24 62 90 58 29 91 23 56 78
54 10 93 91 85 52 24 96 94 35
77 74 68 24 93 9 12 54 61 38
14 82 22 18 90 18 29 76 17 64
92 44 48 87 30 34 18 76 96 29
54 47 87 22 34 35 83 11 2 18
21 96 12 70 67 62 6 67 18 19
79 81 25 75 7 78 78 37 84 41
81 28 74 31 68 83 94 93 6 63
60 23 52 75 60 67 55 71 30 11
93 67 6 97 58 28 5 33 64 33
17 15 84 95 36 93 22 72 24 14
99 22 2 24 32 19 12 82 14 12
67 34 8 26 71 26 66 89 72 98
68 7 37 91 64 31 61 49 57 86
96 68 83 95 35 96 85 22 82 19
23 47 51 88 11 23 96 7 35 41
52 53 95 86 41 54 81 21 65 54
67 38 40 42 75 90 70 4 51 17
87 83 89 41 76 20 39 52 51 51
97 17 31 1 48 56 32 41 62 54
17 80 13 48 69 47 7 36 32 89
23 66 13 97 1 78 61 81 14 4
8 41 24 12 75 43 14 72 11 55
61 67 10 28 28 50 91 45 15 20
15 93 64 88 51 56 54 79 80 40
61 72 72 25 58 72 63 23 60 79
48 5 45 88 72 50 11 89 68 89
38 26 30 47 86 92 58 18 31 75
39 6 37 55 4 92 20 82 92 59
87 45 60 43 62 83 5 68 90 72
25 35 47 94 12 85 71 64 42 49
14 66 40 51 18 46 19 70 86 97
48 38 84 86 44 30 74 14 62 84
5 80 2 9 9 81 34 11 28 17
35 32 94 4 11 66 58 50 20 85
48 87 9 11 25 42 41 89 28 86
51 61 59 50 9 38 37 37 75 69
7 4 53 92 41 19 9 56 12 65
68 33 15 1 98 57 92 69 38 88
67 80 33 44 61 57 21 14 83 10
88 81 5 58 32 1 23 81 72 75
74 92 27 36 9 40 80 45 7 32
51 36 72 59 96 57 51 36 98 82
2 44 33 95 41 25 91 47 57 17
64 7 41 18 26 48 81 34 38 4
18 30 69 85 72 4 65 30 36 76
8 90 82 3 14 98 55 53 59 74
71 71 66 19 79 32 3 55 65 44
66 27 3 26 55 52 88 81 27 80
44 98 50 36 24 35 82 78 85 44
63 59 97 20 53 25 34 27 81 12
45 25 56 99 87 44 3 64 78 48
67 28 67 69 43 8 68 73 86 58
6 63 44 29 35 98 63 48 99 98
67 54 25 80 24 48 38 75 22 66
89 91 70 52 84 81 26 59 9 25
26 20 92 55 59 10 4 2 30 48
75 61 14 44 63 83 20 35 12 37
92 74 53 58 82 15 81 22 41 90
48 29 6 88 69 88 29 71 20 36
14 16 9 39 40 19 42 39 73 14
72 27 18 3 1 27 89 20 8 8
9 14 85 39 75 15 32 7 40 17
28 60 37 50 44 75 63 80 2 17
65 56 78 70 66 88 2 82 1 28
29 8 95 54 1 43 28 8 67 74
55 99 57 66 51 83 15 56 28 7
55 48 29 60 5 49 43 5 57 16
71 31 30 54 90 74 21 53 93 50
99 2 79 14 1 38 19 68 45 1
61 52 48 26 40 38 78 65 62 17
66 29 26 36 97 93 40 35 75 13
75 48 27 81 91 48 6 85 89 70
21 70 77 6 65 34 83 74 29 87
49 36 50 87 64 41 26 28 11 25
43 77 99 98 59 46 31 59 76 27
77 9 55 59 91 28 7 52 2 84
12 98 91 31 4 84 65 60 61 60
82 28 1 6 66 75 37 44 69 11
69 59 42 32 5 49 97 22 58 24
12 65 2 8 28 42 46 94 17 66
13 26 28 59 85 62 31 15 58 15
75 29 32 89 72 79 16 62 40 2
29 16 35 5 59 48 94 97 75 93
50 46 17 5 46 63 36 90 44 65
91 89 72 75 39 70 66 78 55 26
72 96 12 24 80 4 83 21 61 39
6 79 86 72 68 34 52 26 49 58
89 25 46 33 83 9 25 31 96 39
32 74 20 92 23 82 33 7 23 5
64 84 92 89 66 3 33 26 29 76
96 7 87 78 48 20 74 96 30 43
60 48 13 52 75 11 69 93 42 35
90 60 62 40 94 43 22 97 70 10
71 77 14 6 45 35 14 33 27 75
76 24 45 76 15 27 22 56 35 35
26 17 27 16 9 25 32 74 32 72
92 77 35 39 70 66 35 80 10 9
33 83 38 94 19 29 94 75 14 74
45 52 96 79 29 27 89 1 52 43
98 31 68 42 75 57 56 22 55 25
30 84 43 78 14 7 4 80 57 58
59 32 83 42 91 38 9 91 9 56
48 85 7 27 76 53 37 20 92 20
28 23 13 36 50 13 83 97 72 86
95 72 37 59 34 66 18 13 64 16
76 36 58 71 87 30 50 43 37 65
50 4 61 29 55 87 95 9 11 83
22 89 35 90 18 20 70 3 80 56
66 46 77 78 79 26 53 48 29 49
12 22 33 97 5 12 30 17 56 5
 les quantités des ressources 
 sac # 1
1562
1469
1414
1405
1375
1344
1249
1247
1409
1293
 sac # 2
1525
1616
1711
1854
1417
1217
954
1064
1658
1493
 sac # 3
1230
1011
1247
1066
1713
1612
1471
1785
1225
1652
 sac # 4
1249
1422
1269
1416
1616
1616
1394
1177
1532
1747
 sac # 5
1419
1453
1166
1404
1364
1398
1678
2121
1612
1320
 sac # 6
1655
1321
1572
1525
950
1241
1481
1105
1480
1371
 sac # 7
1454
1567
1337
1195
1324
1351
1400
1517
1564
1734
