NbrObjets NbrRessource
500 5
les valeurs des objets 
72
74
54
124
59
77
69
63
80
52
58
101
72
71
45
62
76
70
112
73
83
68
71
27
84
82
88
107
96
92
51
89
64
42
56
76
112
64
80
97
60
119
88
71
78
58
103
91
77
65
44
75
89
66
74
70
51
90
92
91
68
67
91
70
74
70
89
94
70
64
90
48
72
77
97
66
56
79
92
58
76
58
106
72
74
96
102
65
64
91
42
78
58
95
50
87
50
99
68
91
94
103
88
45
45
27
74
65
89
111
92
74
55
65
96
80
82
71
82
83
113
81
84
96
70
58
51
101
43
59
78
56
89
83
78
94
67
87
63
71
70
91
80
62
91
85
60
80
100
64
92
72
56
83
81
102
97
76
84
88
87
92
62
69
59
56
101
89
97
69
92
71
77
101
76
80
91
83
81
59
73
115
85
91
38
88
91
69
33
81
81
75
61
97
77
93
84
100
53
70
87
92
51
88
71
91
57
47
89
65
90
78
70
101
100
101
63
70
91
96
120
78
73
61
74
35
121
63
54
98
55
68
67
73
81
90
75
89
82
58
58
79
112
70
71
91
88
80
76
53
44
48
99
65
84
88
76
91
85
69
85
74
83
63
83
49
88
76
69
64
71
65
96
52
63
98
89
72
65
63
52
90
67
29
88
43
118
107
100
50
46
76
73
80
97
85
96
60
52
55
71
91
58
83
82
75
75
86
58
81
66
57
71
76
84
84
81
28
95
93
72
78
43
87
63
88
61
78
79
108
81
58
112
49
70
74
102
78
82
73
40
71
94
70
65
79
92
57
78
75
92
51
74
81
54
83
76
93
103
25
76
107
74
62
97
103
43
95
69
71
59
62
72
104
40
85
81
59
66
54
109
98
57
44
59
65
60
89
56
42
82
55
62
85
62
47
92
64
84
71
96
39
83
69
68
65
106
103
89
55
73
94
32
100
38
47
73
74
107
72
79
59
65
97
91
26
70
83
99
111
53
52
72
88
79
72
79
69
93
91
87
96
47
71
60
63
94
80
62
90
63
54
79
71
83
53
99
78
71
41
69
54
80
67
56
37
90
108
85
67
92
56
68
60
81
70
102
76
57
79
78
56
77
107
36
90
92
52
102
73
69
122
92
75
67
78
54
76
43
113
les quatités des resources consommées pour chaque objet (ligne) 
26 2 49 35 44
99 24 18 16 88
44 69 48 30 18
93 87 97 69 43
76 37 78 19 64
1 38 74 30 79
2 28 80 23 22
4 4 89 4 59
25 26 93 10 98
19 57 58 54 58
5 81 60 6 15
76 15 89 79 29
47 70 66 20 65
6 73 77 17 93
19 91 39 13 11
10 47 69 72 19
18 97 88 39 28
72 45 97 4 62
95 99 91 19 49
31 87 87 22 87
12 63 4 67 70
21 74 52 27 2
51 66 45 32 44
40 15 29 11 17
32 91 98 84 42
52 95 11 65 27
42 6 75 16 83
76 69 97 24 67
40 98 44 40 82
94 2 46 91 35
83 36 32 22 74
57 85 39 80 90
73 25 32 40 34
14 9 24 16 44
86 13 14 38 70
19 50 71 96 32
57 55 94 92 66
44 59 9 6 66
41 54 68 97 77
55 68 92 88 35
91 20 16 14 62
67 76 92 85 83
54 22 42 42 72
35 81 46 57 97
57 21 72 44 41
54 68 20 33 1
66 30 97 68 38
64 56 71 88 44
84 14 96 9 53
16 35 23 99 56
68 24 35 29 31
59 21 22 95 75
87 67 43 56 92
45 68 76 17 60
68 46 15 65 17
25 67 73 55 99
54 36 25 56 29
34 88 38 54 21
11 59 43 81 54
65 51 63 8 61
99 93 4 57 71
69 32 67 28 3
17 88 39 53 83
89 15 25 29 55
22 43 13 85 89
51 47 74 40 56
20 76 18 30 85
20 83 57 86 64
49 13 67 92 18
60 71 39 46 35
95 83 42 19 77
82 76 32 4 34
53 60 29 36 9
1 36 78 47 37
81 58 29 28 80
96 73 41 89 34
47 1 6 2 4
34 45 79 60 39
18 24 62 67 45
49 49 46 65 38
26 54 95 47 8
66 64 26 28 89
66 99 32 90 13
97 21 20 71 11
22 29 28 42 40
56 81 63 87 75
92 86 37 19 93
32 90 34 54 2
67 59 36 53 67
99 55 44 39 25
32 25 24 40 71
45 78 24 82 97
56 78 27 44 39
23 68 27 82 75
49 3 14 47 88
7 53 62 57 87
51 92 19 26 10
23 84 61 10 97
89 55 16 23 17
53 50 49 43 91
94 98 90 3 76
64 98 91 58 92
2 96 58 3 59
20 39 5 25 57
5 83 37 5 5
20 9 1 50 32
34 20 8 17 46
97 32 62 69 21
99 50 90 58 23
64 69 41 57 98
8 60 94 55 38
46 52 65 47 69
83 4 93 7 28
70 36 62 18 6
46 62 86 49 85
70 76 22 14 10
5 42 93 79 23
54 52 80 51 74
58 58 41 16 86
32 89 55 40 10
97 96 66 4 76
19 70 94 8 2
32 91 13 93 64
73 94 87 67 90
21 54 89 59 82
31 64 33 18 81
3 51 76 87 32
25 50 56 55 84
50 39 26 3 66
89 30 7 39 82
4 60 87 74 77
54 14 10 86 90
76 86 62 82 43
72 66 70 95 9
94 29 97 18 29
20 64 68 55 84
18 50 73 19 2
85 64 48 13 26
52 7 87 65 66
52 9 51 44 80
40 36 85 58 66
45 22 3 90 65
67 53 65 99 10
95 81 4 18 66
64 54 97 52 3
21 73 70 25 79
85 27 97 22 67
78 61 41 95 98
51 52 98 7 48
46 23 70 64 93
29 92 19 26 69
22 43 74 1 15
47 74 15 99 39
80 69 56 84 2
77 15 26 71 78
94 21 33 85 92
84 52 92 50 73
38 51 37 15 59
84 46 83 66 83
55 44 91 68 49
66 51 64 19 6
50 61 81 39 15
13 31 96 2 46
14 62 55 51 87
72 29 38 9 30
84 17 4 37 83
90 20 46 44 65
92 45 31 96 54
28 54 98 40 54
1 15 64 32 46
56 41 32 33 55
83 75 48 74 11
6 70 97 57 59
2 76 75 85 81
50 44 62 18 37
58 59 74 69 87
66 59 90 33 14
5 54 43 72 35
88 43 56 22 30
1 71 60 55 83
36 66 39 79 16
52 36 82 73 90
52 69 62 97 80
33 78 9 78 29
13 36 29 5 69
64 11 76 79 96
39 25 38 91 20
3 15 53 56 70
8 4 90 32 23
3 58 37 46 67
23 48 67 65 10
24 73 73 15 58
89 42 58 10 75
40 57 66 69 96
27 32 88 71 76
11 93 58 58 68
32 37 6 73 32
87 93 46 35 42
46 92 82 23 6
14 54 51 2 39
91 52 96 35 5
96 32 74 86 77
9 67 25 68 82
20 92 89 9 26
55 87 87 49 44
22 31 98 28 81
2 52 88 81 38
7 60 16 44 15
85 46 72 47 82
87 83 27 13 79
77 48 87 60 64
41 81 86 45 67
16 39 54 79 2
68 12 72 49 63
42 74 48 52 41
53 88 72 71 4
23 46 95 68 4
52 40 79 42 32
91 9 81 61 45
45 28 84 89 18
99 88 41 87 91
57 44 35 65 56
70 99 8 39 97
20 99 43 5 60
17 92 44 4 27
5 34 29 6 69
93 64 49 99 85
10 27 52 26 90
60 6 31 61 70
47 94 28 9 71
35 53 18 58 60
27 65 31 93 46
75 20 15 55 94
80 91 3 98 44
46 43 64 11 58
87 84 93 50 64
70 51 66 30 98
15 67 59 97 86
4 91 1 94 29
96 37 10 96 13
58 17 7 56 6
40 25 55 83 85
67 50 92 77 84
62 49 56 14 7
74 92 56 14 53
22 73 38 49 71
19 58 61 97 57
95 20 7 56 27
87 20 52 33 35
61 45 10 41 81
6 27 72 27 61
7 19 79 11 59
15 64 91 95 18
60 19 66 78 26
76 88 38 74 88
72 77 76 48 92
89 69 59 94 50
99 77 61 26 18
72 66 28 23 81
47 27 1 39 51
74 32 31 53 38
49 66 72 60 6
28 65 69 58 79
72 50 70 67 2
98 49 96 14 2
31 51 19 86 21
77 46 39 79 76
98 13 60 79 95
93 89 48 51 66
2 7 31 9 55
84 36 65 7 30
30 42 45 52 80
10 93 73 20 68
62 19 54 81 20
17 79 84 18 84
86 69 91 51 94
86 92 83 6 49
70 42 10 16 42
27 82 38 42 47
35 4 16 54 90
70 13 57 31 65
41 59 98 33 33
7 57 70 1 11
3 1 38 12 91
76 45 23 55 17
26 33 2 33 35
96 40 77 98 74
74 94 50 61 36
66 34 92 38 51
13 59 21 55 55
88 86 43 8 8
75 73 23 33 5
1 5 26 55 38
52 15 10 33 89
98 87 81 13 21
16 41 85 57 10
40 66 87 49 86
67 34 29 22 37
63 57 21 24 3
11 55 96 60 10
19 63 52 47 17
86 44 94 37 15
10 4 29 47 66
54 76 51 34 49
55 92 38 45 46
91 80 56 67 30
10 21 17 64 35
53 27 43 49 14
11 64 89 42 6
68 85 15 89 91
27 41 97 40 45
16 43 73 6 37
39 89 41 58 81
20 7 78 38 35
65 50 75 24 98
9 21 29 91 38
94 14 81 10 33
26 5 27 44 3
91 11 4 92 69
47 88 7 16 74
59 92 44 29 96
17 47 52 47 63
41 11 74 7 12
55 21 48 59 32
41 17 51 44 45
88 79 39 86 51
28 97 9 11 27
64 45 48 36 52
12 40 76 76 61
47 99 61 55 87
65 73 3 3 59
29 54 60 34 79
22 45 93 92 95
41 5 65 92 32
73 12 19 85 40
79 72 11 29 45
53 62 85 64 8
99 78 61 62 55
59 54 5 73 15
15 73 41 96 29
65 43 15 9 54
4 93 99 40 39
2 77 97 67 92
44 11 57 3 27
47 7 58 28 14
13 56 33 39 98
83 91 24 54 58
17 20 16 70 72
85 48 80 86 52
89 63 17 29 62
48 76 80 28 27
1 63 78 32 84
31 90 53 95 86
70 76 35 21 43
91 27 5 15 49
49 54 29 76 6
81 88 92 33 70
59 53 63 79 56
65 94 77 10 59
13 28 33 15 37
78 86 15 44 83
72 54 84 70 15
14 38 7 26 61
3 13 71 42 50
58 39 95 44 63
49 67 52 92 54
94 16 69 33 7
78 94 79 79 95
79 87 67 43 13
30 37 36 60 85
35 29 90 7 21
45 21 83 23 32
21 69 6 69 63
75 78 43 73 64
11 7 55 28 63
48 34 30 25 98
11 72 73 32 35
38 57 55 22 22
19 60 73 80 84
2 62 64 15 95
93 18 58 66 74
16 95 71 28 58
82 44 44 68 35
22 89 84 12 9
44 67 49 23 24
14 96 77 59 39
18 72 82 57 6
72 91 3 82 98
63 33 27 57 92
30 81 9 55 22
48 93 72 34 15
14 24 5 27 51
26 64 84 59 39
1 62 69 9 59
10 57 4 72 29
9 62 51 75 9
54 38 76 41 68
37 36 82 63 32
21 71 43 90 54
38 40 34 80 25
57 42 94 48 19
13 50 55 72 5
41 59 94 94 72
10 47 25 75 51
15 18 9 91 37
78 74 14 19 84
80 88 18 93 51
73 49 67 42 49
65 43 68 11 71
33 82 91 37 34
80 21 14 86 93
86 22 75 69 15
6 16 95 44 2
91 72 69 14 27
1 67 3 36 86
34 43 55 18 14
67 87 55 37 55
20 95 29 85 6
82 88 80 90 46
32 67 93 20 86
28 50 36 73 35
28 88 3 65 77
47 54 17 42 94
65 16 62 47 54
22 44 97 94 86
37 47 2 29 9
91 46 61 57 57
53 17 12 66 44
44 89 72 62 55
64 81 96 37 52
74 34 3 56 28
14 18 46 13 50
70 8 58 45 93
87 56 1 6 50
74 74 91 31 64
9 54 93 70 82
16 97 89 81 52
46 32 39 25 92
13 20 87 59 50
90 68 83 6 82
38 83 54 18 4
55 99 26 35 29
48 6 4 74 60
57 50 81 45 18
40 49 4 97 79
41 10 16 36 44
71 28 28 43 70
22 78 91 91 12
93 16 9 64 49
72 93 65 11 78
92 57 20 11 94
81 13 62 34 3
91 15 80 88 23
53 49 38 59 4
7 76 61 83 63
5 61 50 73 50
73 12 83 72 10
83 59 14 76 73
52 83 71 25 57
17 34 53 57 5
58 98 49 12 30
82 18 64 67 16
56 80 39 40 75
50 30 4 27 31
79 79 5 20 57
59 17 7 66 14
49 72 30 72 93
70 84 68 60 68
90 76 59 9 7
15 31 68 69 32
37 63 61 47 9
5 90 67 27 90
15 78 37 48 56
12 20 11 28 29
58 50 11 32 51
44 79 40 80 35
94 24 76 69 55
10 64 86 56 94
37 66 75 22 58
39 10 34 80 89
88 72 40 84 83
63 34 43 7 54
69 42 65 33 18
94 3 56 82 94
8 22 22 29 41
97 14 35 18 81
39 26 80 75 92
85 31 13 43 52
47 7 91 68 86
3 7 77 55 76
89 35 93 18 10
97 52 61 82 94
84 19 10 95 97
72 65 69 6 81
34 29 28 48 15
6 83 50 20 86
67 67 22 72 45
55 65 12 1 83
77 8 10 14 83
91 83 53 58 84
 les quantités des ressources 
 sac # 1
1405
1218
1152
964
1376
 sac # 2
890
1440
1404
916
1698
 sac # 3
1055
1139
1530
1175
1271
 sac # 4
1378
1416
1168
1094
1181
 sac # 5
1008
1271
1519
1154
1218
 sac # 6
1282
1480
1764
1381
1234
 sac # 7
1370
1428
1202
1198
1362
 sac # 8
1100
1071
1127
1330
1202
 sac # 9
1457
1346
1110
1590
979
 sac # 10
1362
1300
1114
1204
1345
