NbrObjets NbrRessource
300 7
les valeurs des objets 
77
85
57
92
48
71
84
93
58
108
86
68
104
39
76
71
78
44
77
58
84
73
67
84
78
91
66
66
70
59
75
94
91
57
85
75
76
94
87
97
75
55
101
72
62
65
111
81
68
38
97
64
61
110
95
65
74
55
65
86
56
94
62
43
89
88
84
88
86
73
53
94
42
70
63
43
78
50
62
61
58
96
74
39
42
42
58
64
83
65
83
59
44
106
52
83
44
102
106
87
93
61
78
88
54
107
108
80
69
76
76
68
54
68
122
77
87
28
67
89
59
79
46
82
95
91
56
81
91
109
70
102
77
49
59
77
70
92
84
109
108
74
68
100
73
61
81
51
105
65
79
95
83
68
75
63
84
84
88
60
95
75
57
86
76
91
60
30
71
82
64
71
86
81
59
94
39
69
79
89
47
80
90
58
84
63
88
52
96
78
92
91
81
72
42
63
101
88
75
55
75
55
52
89
90
116
28
85
82
74
69
40
85
97
47
81
92
39
95
53
71
75
59
60
49
35
69
55
55
70
102
60
77
90
62
85
71
92
83
79
84
104
30
89
99
68
78
56
43
102
60
92
93
92
75
64
54
75
82
85
90
53
70
73
78
94
48
39
101
91
68
79
71
76
45
90
75
75
72
52
75
46
76
84
71
86
84
49
93
68
51
60
40
63
91
79
71
70
48
54
les quatités des resources consommées pour chaque objet (ligne) 
82 20 63 70 91 96 56
37 19 11 90 75 67 81
52 53 30 66 12 40 36
57 13 92 97 29 52 57
16 92 9 56 6 47 92
97 50 76 58 50 63 59
99 70 77 85 37 76 10
83 30 14 78 4 59 90
62 37 74 83 58 26 58
60 22 69 61 64 77 83
54 77 98 59 74 71 37
83 66 72 75 33 14 4
60 91 96 13 88 76 57
12 72 25 15 8 48 78
46 20 25 27 60 32 11
1 35 1 91 54 83 72
18 31 2 72 81 71 6
20 25 47 2 46 22 32
88 66 30 14 88 77 78
80 6 12 53 75 65 20
1 77 96 77 47 6 25
14 47 8 35 84 10 45
3 65 4 87 53 58 59
52 73 92 76 59 52 3
6 18 2 68 25 55 88
42 54 99 41 69 43 44
61 32 51 11 62 33 75
19 55 25 73 13 48 16
45 54 30 66 8 76 54
76 20 46 99 59 19 72
30 21 16 27 2 91 91
43 60 50 69 31 15 70
39 38 95 16 14 77 64
78 4 34 42 86 76 82
83 16 44 91 33 88 61
63 57 24 47 26 85 17
50 53 60 22 23 57 95
57 31 49 97 58 49 86
77 50 85 15 70 78 60
76 42 53 56 54 17 59
86 72 92 34 17 61 77
21 92 35 2 39 63 95
71 58 69 76 99 2 91
92 9 45 80 4 39 98
72 56 11 85 56 52 49
73 59 93 78 44 58 12
47 39 84 96 47 82 93
81 21 42 8 17 96 23
94 93 30 82 52 10 57
9 53 4 40 8 13 28
97 31 34 65 54 2 94
62 26 5 36 11 42 1
36 13 84 51 29 30 62
82 65 88 93 79 53 77
93 9 11 85 63 58 27
99 40 21 26 6 22 10
53 27 5 95 29 77 5
69 96 83 89 14 1 10
49 36 42 2 32 15 13
85 91 52 88 9 36 32
56 22 41 52 49 81 40
4 43 16 66 75 38 78
30 12 76 69 80 8 35
14 27 11 37 26 17 59
64 23 33 91 60 58 60
95 26 98 88 99 47 3
13 53 58 97 60 63 80
87 4 38 22 71 4 91
84 83 2 52 6 87 39
52 8 73 55 10 46 39
24 62 24 72 58 62 73
43 83 5 56 20 38 97
34 11 5 16 45 51 42
15 86 46 52 89 26 40
65 71 98 9 79 19 29
11 1 9 22 82 82 53
11 80 21 98 42 23 23
21 97 58 72 17 21 13
44 64 91 49 40 88 14
81 82 6 45 42 20 44
33 32 41 9 6 42 99
48 26 88 81 61 57 7
87 92 78 19 91 5 74
67 5 17 59 17 78 31
54 26 39 84 79 4 12
65 49 1 14 1 32 54
76 17 57 50 42 26 41
57 19 42 1 26 40 26
95 87 28 35 18 22 10
80 77 54 43 4 61 22
50 91 83 99 22 80 59
85 11 28 60 62 12 76
23 32 19 13 5 20 7
8 73 70 65 72 98 25
97 8 50 34 57 27 48
29 98 50 7 93 49 22
1 29 20 72 42 9 30
85 28 92 48 11 94 56
86 32 63 55 61 43 67
83 4 84 6 69 99 61
52 1 64 43 78 52 54
77 19 48 29 34 99 5
43 64 21 62 86 67 9
61 24 88 38 25 24 62
67 35 95 10 30 14 8
77 74 77 42 94 39 62
99 49 63 5 79 99 72
92 7 82 55 64 16 65
57 63 62 99 4 94 6
56 86 84 13 89 66 63
61 5 39 75 60 57 6
62 11 17 23 31 53 70
9 24 85 31 76 63 80
44 34 49 93 15 60 95
43 59 93 59 77 90 93
57 94 37 93 77 82 98
16 23 4 65 81 32 46
25 34 31 27 9 13 53
15 90 79 72 60 12 84
31 85 74 81 26 86 27
36 46 77 91 56 31 45
13 95 34 43 59 67 90
42 34 78 87 3 26 43
38 84 35 95 58 65 72
7 68 90 63 36 61 46
46 68 59 64 77 41 60
95 30 40 92 9 40 59
3 73 54 72 95 49 53
24 96 37 90 76 28 10
88 94 41 35 67 78 27
25 70 1 29 26 80 30
10 80 60 62 8 74 88
15 11 41 81 5 69 87
21 58 4 14 98 25 43
46 57 47 26 49 24 23
66 70 81 96 68 47 74
6 45 20 56 37 46 92
83 33 9 67 76 16 67
37 36 17 51 27 63 48
88 98 16 35 87 91 99
84 90 9 54 6 87 87
64 91 43 16 16 55 67
3 97 59 33 30 24 86
96 29 68 39 31 57 68
34 35 83 85 8 14 78
48 17 86 36 21 33 75
31 65 33 90 32 67 44
4 66 58 77 20 48 69
24 51 81 80 72 81 42
20 9 84 13 37 51 22
53 35 9 65 25 78 59
91 22 82 41 55 1 31
48 78 13 70 51 94 60
24 44 71 24 82 31 24
44 93 25 84 40 4 82
91 15 89 51 99 1 34
77 84 65 58 39 52 13
74 59 42 81 7 36 84
98 30 97 62 76 47 60
96 67 79 36 6 10 50
10 52 46 97 65 65 14
80 66 10 81 62 2 39
30 29 52 70 4 72 42
25 22 62 72 73 77 53
9 20 71 54 90 86 95
16 5 81 11 37 79 81
28 24 7 77 57 80 19
11 15 73 44 3 42 20
13 45 72 43 31 84 65
33 20 54 99 90 32 94
40 68 44 49 70 76 8
1 33 44 75 14 52 30
84 77 97 91 7 39 64
58 62 44 38 26 19 48
21 28 4 35 98 70 33
38 44 42 97 40 90 30
89 80 15 13 35 3 40
5 1 91 8 32 69 3
85 66 55 86 48 95 75
44 60 53 62 96 66 4
33 63 49 45 5 35 43
88 3 31 97 79 25 5
42 61 12 74 36 44 33
6 1 68 74 50 77 5
97 23 75 69 21 57 77
23 37 97 45 64 77 35
56 84 21 36 55 29 33
30 54 40 4 66 69 68
97 92 1 56 49 36 48
83 61 52 98 46 88 30
65 49 19 65 57 69 83
90 87 40 66 17 74 84
69 87 48 72 77 79 70
36 36 52 93 77 34 42
25 13 38 17 51 3 54
10 33 66 62 96 82 68
76 98 29 59 41 58 51
79 98 29 21 17 89 91
46 97 42 5 36 68 3
33 20 62 44 13 8 24
67 43 18 78 6 82 2
61 51 37 52 73 33 12
41 10 16 98 41 63 73
95 62 27 21 95 7 74
74 75 54 74 72 13 51
96 75 43 85 31 50 93
9 42 4 4 92 26 14
70 10 82 43 56 80 71
77 66 77 98 79 37 48
59 53 2 66 21 88 77
69 27 13 53 4 70 79
62 50 5 62 31 8 7
4 88 8 65 73 94 20
93 74 44 39 24 47 83
32 37 74 30 67 18 51
86 29 37 30 33 85 97
46 85 62 32 81 13 72
7 42 59 29 27 41 25
66 23 31 93 33 77 49
38 1 78 44 58 89 38
77 92 92 39 85 52 1
64 99 23 26 58 23 80
4 22 64 11 55 5 19
36 77 94 80 34 29 17
5 51 52 35 48 86 30
23 11 29 34 54 24 27
21 33 40 36 26 27 53
73 24 3 8 58 21 85
83 6 21 8 70 45 98
92 51 88 44 76 85 15
50 78 59 2 88 80 91
97 80 61 24 83 22 55
26 93 51 48 3 20 45
35 23 44 75 39 10 96
9 90 58 79 61 84 47
15 44 10 90 84 74 35
95 86 19 83 35 67 10
34 83 66 66 36 17 39
83 73 16 93 64 76 40
46 48 34 59 10 55 91
87 74 80 52 90 14 53
80 28 46 78 18 81 66
5 21 7 11 58 42 7
47 78 37 86 33 51 21
91 6 78 62 37 86 98
20 74 13 36 30 62 23
81 36 54 89 48 80 3
68 61 6 13 76 67 9
8 67 86 13 3 5 61
22 37 91 84 29 70 88
55 73 5 97 97 31 31
4 32 94 76 81 86 93
65 83 29 63 75 11 61
74 35 67 11 89 18 18
72 21 57 4 62 11 33
36 75 9 71 11 85 38
44 38 20 46 42 26 10
12 27 23 62 64 21 22
15 96 4 60 29 90 91
51 52 27 1 3 90 67
97 31 67 52 98 71 56
12 14 91 35 87 70 13
53 23 56 14 81 78 8
47 65 95 89 98 9 42
60 34 64 33 53 70 87
40 57 48 15 98 56 67
39 12 47 79 35 53 8
24 14 5 34 76 67 48
71 71 75 53 7 80 63
36 13 74 24 30 92 55
97 16 50 87 61 63 86
27 44 10 39 65 54 67
10 45 44 28 81 14 73
48 64 44 22 79 84 90
59 15 36 61 17 61 42
84 68 27 62 71 24 19
45 1 15 84 49 28 9
42 91 39 97 20 64 27
54 78 79 50 18 7 56
4 35 43 14 86 12 88
46 62 77 78 70 6 81
6 51 19 26 22 44 89
41 85 8 92 44 68 64
45 65 81 15 84 95 98
4 14 52 57 87 48 72
97 48 45 66 87 31 27
46 23 72 2 4 95 80
97 39 34 5 25 67 47
53 89 23 8 91 32 33
13 59 95 96 24 97 50
39 21 68 62 24 96 27
34 74 60 48 15 68 25
1 34 14 98 9 19 68
89 79 89 45 1 84 54
88 21 65 4 98 85 86
62 15 74 17 72 85 78
35 65 96 89 84 52 6
53 55 73 45 8 82 7
21 60 60 94 3 22 31
47 57 37 93 44 51 42
 les quantités des ressources 
 sac # 1
1668
1099
1175
1669
1293
1546
1613
 sac # 2
1214
1191
1775
1648
1276
1496
1585
 sac # 3
1503
1892
1285
1490
1391
1744
1394
 sac # 4
1500
1691
1639
1624
1486
1266
1534
 sac # 5
1670
1410
1327
1663
1776
1610
1393
